snapshot at block=3834349 time=1496833201 Wed, 07 Jun 2017 11:00:01 UTC
0	0x0000000000000000000000000000000000000000	2200000	220000000000000
5	0xff0e5e57c69eb4b5fedf1a73d3a817d0620455d8	5000	500000000000
6	0xb0f6e2069a158a27b9e6da13aff1fb2dfae1787f	1000	100000000000
7	0xff37fc60c1cf53b3e054e5c649f067495187eba3	1000	100000000000
8	0x1a2d543ea30ffb007072d2a75d7cf9bf7e8da616	5201000	520100000000000
9	0xffb7df19eb39dd36c747d57a48c73da5452e9521	1000	100000000000
10	0xffcff213ba710c479285828871aba77b8fecd683	1000	100000000000
11	0x2f2635ae076922e78d0b9785387f4853716f010a	5000	500000000000
12	0x653b12e66c4e802ec6cdbfd4805f2fc7ad7803b6	1000	100000000000
13	0x719de009aa856b553df248556df1784164c730ff	1000	100000000000
14	0x8d25f564b59eb49173f5574c5ad54856f5a31e7a	10001000	1000100000000000
16	0x3d0fbe5c4c70d29b530884edf2df1fc03f015912	1000	100000000000
17	0x0a0bc1a04d648ebc413ee99d4b1fe855ffb7eeb4	1000	100000000000
18	0xff1a6466c8e6af588e26e78045bb071348933659	1000	100000000000
19	0x7eac94ecd60738ebce2baa48004e31e69481a837	1000	100000000000
20	0xff01207110391d92c4a2d33c25c8fc7533a04237	5000	500000000000
21	0x6eb050f2e2742e0e28633c71b66bdc0ca1e4956c	7000	700000000000
22	0x4680dc15395806fc000b81a78d75cc409e5e9698	1000	100000000000
23	0xff17a3c1e9807a7bbdc014ae0c645b20e09b93f6	5500	550000000000
24	0x9234b60c9d95158aa251667d0257d9eab2f31448	1000	100000000000
25	0x8c34df7a27447fd9ab0068942622c58a35e5f1ef	1000	100000000000
26	0x8b7a5b22175614ee194e9e02e9fe0a1b5414c75e	1000	100000000000
27	0x7be3d38036a7a7dc46e9132df59fcb34628cd231	1000	100000000000
28	0x1d394e3009b87bf874900b82a4d6799dd91afd1b	1000	100000000000
29	0xf877a551b354a18f689676ef702e7fcedee56ae3	1000	100000000000
30	0x4533da47ae2771b36e027bad27f5031180cdc441	1000	100000000000
31	0xa66afe19f10323663387cb7d87b0d39d9ea3477f	1000	100000000000
32	0xf9d178f32ace577cc77e50d084162ff4e23a39a3	2000	200000000000
33	0x48596b2ea4697f926b4ef52135dfb6bcfc50cebd	1000	100000000000
34	0xff5d24f952d20fed0e9ad391cc6a1679277d4c12	1073166	107316600000000
35	0xfe29898fa553ad052a4868b3187e1216241b3e02	1000	100000000000
36	0xffa5373011bb94172dd05ec4cb273e305cd590fd	1000	100000000000
37	0xfff3a9b28954f2b0ba88b2860d9623987ac737c3	5500	550000000000
38	0xb3c9d1e59906e7176c37b0890b84aa25ba807df1	5500	550000000000
39	0x4ef763e5394d18439b3b5f5a927dc40b7ee34433	12500	1250000000000
40	0x0179352defdfbcf10155845404af3831944e90a5	1000	100000000000
41	0xb64a2e2292d1bd103dc97179ccabed79f8485c07	3500	350000000000
42	0xa13d747c03cc53267902f6dc2b33e773c0cc0962	13000	1300000000000
43	0x69e3e1069d4efa3efa0529da3868151ab3a7a13e	1000	100000000000
45	0xff37345300722630b026e056bdba5ce91a6f7269	7500	750000000000
46	0xff635995f82ed3e5ced4ad89607cd7cbc217dd95	1000	100000000000
48	0xff4df7ff98ea3304fbf37dd0768e81a675e652d7	1000	100000000000
49	0x600d9b45cfd503572817cb038770c27d7fe11e25	1500	150000000000
51	0x4b43041e418b16bb7dcf94a09f721cc73574fc04	721331	72133100000000
52	0x7a0adfbce72d62b2be29912ab4cd24d96d2ed5ac	1500	150000000000
53	0xff814339224a803cb3b0e62b1928fe9bb3e55386	1000	100000000000
54	0x5d6560804fb079643534632f94924811ad54d808	1000	100000000000
55	0x67936306c1490db7c491b0fe56bcf067ede1fd28	1000	100000000000
59	0x13ecd4746729c26cf8a236f2894d92e112b97516	1000	100000000000
60	0x420a94c26b66e040c874738ba8b4233f8adfc1c2	1000	100000000000
62	0x11cd63dab133d3f0f3ef8f1a2511d088e083c611	1500	150000000000
63	0xaf9ed73f963fa9ef72f66b9620bb7fc90a205159	1500	150000000000
64	0x5521677480e948d872ad82b180731f809fd4b0e8	2003266	200326600000000
65	0x021da453b87fe277143327e9219231d31acd4ad1	2500	250000000000
66	0x7af4a9cdb9f0530d178fea497d41ab1bdc39c51d	1000	100000000000
67	0xd659275676dc27a0047b3f25adc147dbaf379194	1000	100000000000
68	0xa9d4a2bcbe5b9e0869d70f0fe2e1d6aacd45edc5	2000	200000000000
69	0xbcac7e0c34b4d2a032a1bafc1f74aff1d8d020d1	1000	100000000000
70	0xc480334141e5abb335b8e931d8601b326d20da88	1000	100000000000
71	0xcba72fd90ff3523a7dac85216234c6d21f1f0754	92000	9200000000000
72	0xa50619827d62cdb8ea7ee457194cf272dd244bba	1000	100000000000
73	0xe961f5e8edcbe61d194d5f9e89e43ae6f290b981	2000	200000000000
74	0x589f4535fd5f9aaaeb6216aa3cba81683b93e51f	1000	100000000000
75	0x114040c5a7d2c7a5ff99db6e8a3fdfc4b51b7d18	1000	100000000000
76	0xd07c4b3541e7b7e06b8ad05bd212bad4ee73fafd	1000	100000000000
77	0x9af41c3f89fed7c6db78fa2920a3eeb1617a3bb8	1000	100000000000
78	0x1bd662f1dcd812d33e556f435a432de9677bc64f	1000	100000000000
79	0x1e2520bdcc56c78ac1c60ae9710656dbbdf6d5c9	3000	300000000000
80	0xbfee6cd2154e3df9188512f8cd17d2d2684fee23	1000	100000000000
81	0x828c32c2c4a8c15312b18e156ad7195a70f733d3	1000	100000000000
82	0x8971efd56c2ba5a7f7d308fb98ec4a1d535be7c3	3000	300000000000
83	0xdbd87656827e2c8d35f6bb6de39ee7a0d0f6d257	1000	100000000000
84	0xa7430f984baa14e47e0cb85ff80a1bdd53f80ebf	1000	100000000000
85	0x4459ceb7978a480d67badce4e2c5424f5a3efccc	1000	100000000000
86	0x9d1e422e21fb3824ec9377103d6f2c20c46bed16	1000	100000000000
87	0xed1a6957e952cb55bf214487d629ec884223d2c5	1000	100000000000
88	0xebc95bc7925d5b6995e12c77a50d3f12fa2c73f5	1000	100000000000
89	0x6deab6a7d409d1afbcf261df42e240be4a81eaa0	1000	100000000000
91	0x50259e6cd03d1a96b58003f52ecaa2c9557a93f8	1000	100000000000
92	0xb531ba5eb3f791d28088693039986b9e33ae8ba1	1000	100000000000
93	0x2de1cae1da55e3a7da74d9d93a487fa94d2c90d9	1000	100000000000
94	0x70a108331ff4299cde3bc6747aa45dde63ed4d86	1000	100000000000
95	0x5397cd1807b0a3b78571fd58dd9b03ebe51948a7	1000	100000000000
96	0xa1fbd84000dfc92f9eac0fbf55749bb472995c85	2000	200000000000
97	0xd771e43a1ccbe75baeee1d6a994ed6913845e7cf	1000	100000000000
98	0xe85184f8e2b8be53df91d5a47f95d4a9717f765f	1000	100000000000
99	0x21b637f563b2230ebd06f1bad5ce724c6c2e5bbf	1000	100000000000
100	0x2ad8f4992c434b04a5762dd4fa971f198b86d192	1000	100000000000
101	0x4c7bc258ae2c52f8753e625833e2ba75ada817ee	1000	100000000000
102	0x113f4e2581ce9b305c09e8e122676a0bbb992249	1000	100000000000
103	0x900bcd02cd2dd805c3ae491156f3412fe4500980	1000	100000000000
104	0x37fdfa13477c6278cf970b62f5a2d670c390995f	1000	100000000000
105	0x1dabc369fa13d375d46fae68d54aafa0347117ec	5000	500000000000
106	0x3c606952781ffc466c61cf8849da04bac51441a4	2000	200000000000
107	0x78cc2aac243e046e62213a539f87ac8f5150988f	1000	100000000000
108	0x5a3a7fce9e0e45921df82946214c564a0ee58658	1000	100000000000
109	0x279646ba53f923be56274a8c1ebb109380c7474e	6000	600000000000
110	0x6cb7652a5b6a4b9cc849932622ade4979b466dcc	1000	100000000000
111	0x6de078fe0822149faa6c811f9c8fa48eb220d28f	1000	100000000000
112	0x19be6baac8296c12a1ef44c8f9ce0bf1bd8cf195	1000	100000000000
113	0xc848a380dd94ae23c5b5ca172ae54fad5df4a39b	1000	100000000000
114	0x831be85dc378994f0a3ef3d1f20fa55944d86c33	1000	100000000000
115	0xaea087a20f96e637c7eaa5ad142ac2cfef0c8402	1000	100000000000
116	0x1374c83bf4af8e0c847d449840bb7a9b0963a1c8	1000	100000000000
117	0xe4497eb1e2ae95a9f919e4e6c2b68b52504c28ed	1000	100000000000
118	0x9f78b10d59572c8bac8871eba01388617950263a	1000	100000000000
119	0xec9d33f9a515a434fb7c2d7392d8a58c34ec6733	1000	100000000000
120	0xbf5f578cd3a533ef917705f3440a5aa8865969e2	1000	100000000000
121	0xab67e90da1b14acf3b79746c1d918cacd1828ed5	1000	100000000000
122	0x49ddc20d6105094ddb5f5685665c9410732e3c74	1000	100000000000
123	0x0e4ad8029b466478a2e371db43a807a4bdb07a11	1000	100000000000
124	0x5b345628c40a42bb7baeec062508cc43144f2377	3000	300000000000
125	0x4fff9c903ed8252e0a6776e8b4dd162407727cfc	1000	100000000000
127	0x0bb160b09bce2160023d4d4be8925d84ed9718fb	3500	350000000000
128	0xef8b50345ae5de32ccfdd974c10893e2e3f28184	1500000	150000000000000
129	0x9b30126036b75cd84cc079550271f6df2a847dc2	1600000	160000000000000
130	0x9fc974571131fc8f93934638f99fceed8ed8632f	2600000	260000000000000
131	0x28d08a4bc76f32247dfd04bc7ac91fe428b7479e	2400000	240000000000000
132	0xfd9c0050bee089e1fac7bec29a88f2e552056662	2600000	260000000000000
133	0x0025165361865b09c7c625f4db69ba6b0ac85a95	200000	20000000000000
135	0x0d142301be201e9bbe2eaf53fd84499b285d2ff0	1000	100000000000
137	0x3cc84301da33135ade1d27cd6ef299c985a40299	1000	100000000000
138	0xc59056dc3dd76e6780bb563c11033499247b3cb8	2000	200000000000
139	0x438921272b641c6e818af885528dd83876945738	1000	100000000000
140	0xc1a17ec8d2cc179f6c5aaab28fd568527b16fb24	1000	100000000000
141	0x2b1cd75791153c880aabed6f4300f1d8be4d3d7c	1000	100000000000
142	0x8679b60973a7e365f92ca208024f2756e8df43a0	1000	100000000000
143	0x0ac2faf04bd9c033cd94c105ba398e19d6cfb6cb	1000	100000000000
144	0x7a2fcbcebaf90a77828241fa0ade5bf9ead1b958	1500	150000000000
145	0x5043bf2276abcc19da847fddce7c6645cc41a997	1000	100000000000
146	0xcd0279459136f1d22d849037609decf2ceeb9a8d	1000	100000000000
147	0x49c06cdfd6917c34875bb28fc49ef505440c38ed	1000	100000000000
148	0xd113b74adb5c89f5bab1d8131f26daa43e487f41	1000	100000000000
149	0x68a59be07577bf56edf158336c747a78df95dd4f	1000	100000000000
150	0xdebb3a4c1b757c20975f49b25d32663c33e50399	1000	100000000000
151	0xbfe48b7920d0f32a7a1e843a49f145146032cfa1	1000	100000000000
152	0xe19bf2f80b14b5cea5661099c2a7dbabdab04a76	1000	100000000000
153	0xcf40ccd0c73e86e984aa7f6e3e615742977b76a9	1000	100000000000
154	0x7abddc1e68f690375704a0c5f71b97f572762a37	2000	200000000000
155	0x0a969901173e9468d5d0db653cf899b2d001d39e	1000	100000000000
156	0xb06d93270472390b53b38f9eb967889ab615adbd	1000	100000000000
157	0x215deb431ebb049f3d10d0b2277464297452a441	1000	100000000000
158	0xdf00afb687a38c3f54a1149b88dd9f0e36b055ac	1000	100000000000
160	0x373ee62c54831fa3fe104c0f17852561081b8ae7	1000	100000000000
161	0x20bd47e6f3db30f4cdb9948b74f3f52b14aeb6bd	2000	200000000000
162	0x2f3c7a797cd7a66c3734375941bab14f1cbcf357	2000	200000000000
163	0x370b7adc3ba4e0cf785e9891fbe70894b00079e7	1000	100000000000
164	0x0730144be224f0f151c9c92f58079795bd6b0004	1000	100000000000
165	0x3377accfaa1e6fb1a87f7ea875d733e741d79431	1000	100000000000
166	0x868585bf7cc6886fc010b1393cf3ba35388a3240	1000	100000000000
167	0x0e854453db4d70631430ae6338d993d6a47f5fa4	1000	100000000000
168	0x96f6296c4716b1f9ba1015553447df5ced112a5a	1000	100000000000
169	0xe84a53319880a70f1a06f4ceda8e1ce8f10e3648	1000	100000000000
170	0x5bfd721c27c90834b0f761cf224703380f413596	1000	100000000000
171	0xc701c1b7059dfba9634e66103ab2835cb980ef2f	1000	100000000000
172	0xf22adeb03b3a6d19139b424764d1161b6e366f29	1000	100000000000
173	0x12598bc5fb3e6e8a181298b50347aa078e5496e4	1000	100000000000
174	0xcc87831f237068deaf15ed440c1dcc857231212c	1000	100000000000
175	0x65f26dd40a0961b955b597c541777d597b86c336	1000	100000000000
176	0xa88c512622ae11276b79702a86d53cf774a31707	1000	100000000000
177	0x72a6af8a8ab54492fbe8f58629063b661af36529	1000	100000000000
178	0x6fa58e8f5ace80bbc84f5ca965e1684761b37db6	1000	100000000000
179	0x115290c9c9d0befef9df3309afdca8aac967ba1b	1000	100000000000
180	0x7e7f2c5d174c2a14064dbed0ef40b7ae76b685bd	1000	100000000000
181	0x087061c93b8d8b1d2840a8131f97e596a520ad72	1000	100000000000
182	0x0d36c0a3514c9056fec80cd8320facd8a606284a	1500	150000000000
183	0xbab529e6d538e9e591529da48abe7cc6eeb1a51f	1000	100000000000
184	0x2a1bbb20fd0a2cf6cd9210ec2c6b8c50e1d7f2f4	1000	100000000000
185	0x28167032ece491f76a4b806acd3cef8131abd8de	1000	100000000000
186	0xfe21b7137dfda14c8e9e290e84b8abd5f55403ee	1000	100000000000
187	0xf5ecd2a0b82a79db4b93ff81e70fb46eb30042ae	2000	200000000000
188	0x005ac13a2ff669fcc35b112f7a6c99d626c8b6a9	5000	500000000000
189	0x1853078d0b27b68b60205f905e8355b1029df22f	301000	30100000000000
190	0x00cca4dcbaca9911f9a4a492c3b2ee8a8de75890	1000	100000000000
191	0x32bd7da1803eb5b3128f6898e319e352d763bf03	1000	100000000000
192	0x771c49783b15c63004290a65934b042ee1b3e33e	1000	100000000000
193	0x0f4b62b9f88e9cb36553b6ce94f8d210607ef515	904.11021199	90411021199
194	0xaa5293d1765cba62ad9272e78d0c3ab53f3d6745	1000	100000000000
195	0x8420537853d39bcaffef48cd5128e8898a18abfa	1000	100000000000
196	0xff81a7ebd827da90e1b311ca18362877080aff94	1000	100000000000
197	0x25740da400ee2a5a236653d248562c1a149fbdaa	1000	100000000000
198	0xd74653379a5ddca1afa767b5560384474c8a30d9	100000	10000000000000
199	0x22d12dadebee1b03a59a2b916cdb7ce5c7852445	1000	100000000000
200	0xdcd55c15999606ca3917a64dd3fa4d18e233d992	5	500000000
201	0x26c66f18bde464be7f892aa01e22ed33c6c73b99	5000	500000000000
202	0x9a504ff27a1bad8ba0f133a79cb952fad1adc884	66.17536002	6617536002
203	0x0b85e81af385a7079e40b75274154b70ab0b6065	0.00300001	300001
204	0x0055ceb412a67dec3241a6e77ff82842b7da68ef	48.99997334	4899997334
205	0xe75eaae551efad295ee4c5917404db197d3aa110	2666.00002666	266600002666
206	0xf085548d7bbf66b8731e1a16bd891cad98cb102a	1186876	118687600000000
207	0x8d12a197cb00d4747a1fe03395095ce2a5cc6819	2249.159	224915900000
208	0x08c61f4e693585ec9426c15f52b60ef642606194	1000	100000000000
210	0x0fa5f36737fb8aba824a3a9405fb280dce10ed19	2933332	293333200000000
211	0xf06e1b1066b1c3150689170e44f9060d9c6ed122	2480000	248000000000000
212	0x3fe666fc563e5fa99f8e0e6988ee2070cea1fa6b	3408996	340899600000000
213	0x378ff330eff4091213a7f05c75dea07a411b17b8	7001999.0000005	700199900000050
214	0x4ae74a1b6a24e1d8bc057d8efb8f3910c83312f5	4001000	400100000000000
215	0x17cceb5416303cc5b49303348ea8b6914ca47a62	849999	84999900000000
216	0x2e20c53dbe1dde7110df7ff20131135a54e276af	1495998	149599800000000
217	0xe4e75f8d3ffa8eaf564ec08d829a9f319a685713	1001000	100100000000000
218	0x1fbbd1cef775eff433faeda5cf4729eb4f1c8b5f	1500	150000000000
219	0x2c34f83c296eaa773ac369751a858163bd79674f	1000	100000000000
220	0x64d70458a92c0301661824a57350986b51c90e4a	3056528	305652800000000
221	0x6197d623263a39424b796edbe6911f2488f46ba1	282666	28266600000000
222	0x94ca9ce1d20c46a91d9e4650d380c290d75b2d83	797333	79733300000000
224	0xd23c268d3cc9beff7239ac43e4f589c182182e15	1333333	133333300000000
225	0x5b96101117c64d6ce83c18c9dcd10127bdcc6fb1	1500	150000000000
226	0xe147b83bfc08dbbf302bd27de2fc3df90552e3a3	133333	13333300000000
227	0xf3fc6604602b71d83aa6e23d23e18cf22d1c2d82	66666	6666600000000
228	0x921dd7b8841b3d494f064f6bb1920e19b60a13c1	1000000	100000000000000
229	0xfc3c0d21b725d61aeec3e086e7924f4d5eb1946c	2000	200000000000
230	0x3cbaf780c0bc0fe3dbc4f8e91c9343eb80d22df4	1000	100000000000
231	0x69139c934085ed31954322ee174fbfc4bf942dfd	11.667788	1166778800
233	0x6d6045105d6e5946ef7acad8a46a938f6e2db46c	1.98664	198664000
234	0xd564564a90c275a4e8d1b643539bb2537c1b9718	2	200000000
235	0x2017b38a0e12c0f59a22f064c5faa71f07f8f3c5	10	1000000000
237	0x86efc7205051cc7b28b80b5864db23fd592fcdc1	4.05699998	405699998
238	0x76a26f8f5b57012f8d7caf68a229e09be7dd5359	815746.8463332	81574684633320
239	0xe551b5d60f5359f9a97942b6be81c24bd87f3681	2000000	200000000000000
240	0x75a57367bb270d482d2b21a473bcfa2798ff58a5	99.9999995	9999999950
241	0x072fe4d35215cc543c9795fb5417e1c854f6edb5	150000	15000000000000
242	0x003359e6922510dd30552ed6c3204c68638c1f77	18346254.2346668	1834625423466680
243	0x6fbf77feeb2638c60c435a8536ea2114f22106b6	4	400000000
244	0x558f72bb1e5e297a1efed0e6f6996b7e0c902bfe	5000	500000000000
245	0x98ae486929deb9fe12213873499c4e8a168c66a6	266666	26666600000000
246	0xad6ee8d1aeb39b295a6f09189951724cf43ce008	291	29100000000
247	0x3676f6af1a65370ad04ddf0674750ee519941d73	208144.76	20814476000000
249	0x7cf1a4951c2b03a923dcc7cff945efcf11559515	1	100000000
250	0xf1e0ef185dcfee96135a1f0bebda182b12f7546b	3100000	310000000000000
251	0x928767b8cd6206ffe41c87d1a7f5fd1b31d9fbdd	3000001	300000100000000
252	0x0362371f43e5bbebfba6755ca762256b3a9a05c6	2200000	220000000000000
253	0x262b667bef4177fd4d02610326f75682f20fd210	5000000	500000000000000
